1004498766844649472 1528326143
1004558081034997760 1528340284
1004557835617923072 1528340226
1004557351221972992 1528340110
1004557285715308544 1528340095
1004556782386196481 1528339975
1004556298917117952 1528339860
1004555101120487430 1528339574
1004554823113564160 1528339508
1004554157146214400 1528339349
1004554106277711872 1528339337
1004553553258713089 1528339205
1004553455976017922 1528339182
1004552938981920775 1528339059
1004551662252457984 1528338754
1004549709980229632 1528338289
1004545331495952389 1528337245
1004544418966396928 1528337027
1004540441897918465 1528336079
1004538921294983169 1528335716
1004531592482709504 1528333969
1007094890944192512 1528945107
1007093145753079809 1528944691
1007093018137067520 1528944661
1007092129322229760 1528944449
1007091073246785536 1528944197
1007089823880970240 1528943899
1007087126536708101 1528943256
1007086871313305601 1528943195
1007086710772129794 1528943157
1007086377341681664 1528943077
1007085627681181696 1528942899
1007085479722979328 1528942863
1007085054135283713 1528942762
1007083921606135808 1528942492
1007080247764967424 1528941616
1007079929157160965 1528941540
1007079487593484288 1528941435
1007075519790231553 1528940489
1007071706102591488 1528939579
1007070785524158464 1528939360
1007096606246744064 1528945516
1007091019777761280 1528944184
1007086013037137920 1528942990
1007071196188495872 1528939458
1007070102771130368 1528939197
1007069927222726657 1528939155
1007069890958839809 1528939147
1007067876417769473 1528938666
1007062347960279041 1528937348
1009633984572198912 1529550474
1009630511927648256 1529549646
1009630350954389504 1529549608
1009630313755049985 1529549599
1009629336931127296 1529549366
1009628427228471302 1529549149
1009627628213587969 1529548959
1009627626124783616 1529548958
1009627522928177154 1529548934
1009627019209068544 1529548813
1009626909456715776 1529548787
1009623001090928640 1529547856
1009621621273976834 1529547527
1009616455061647360 1529546295
1009614511287033857 1529545831
1009611995115675648 1529545231
1009610941217083393 1529544980
1009609520421711872 1529544641
1009608919226908673 1529544498
1009606405442203648 1529543899
1009604692769431552 1529543490
1009604019612999680 1529543330
1009602921745575936 1529543068
1009600187927547904 1529542416
1012168045387747329 1530154641
1012166839819030528 1530154354
1012166608817672193 1530154299
1012165104442527744 1530153940
1012164934099259392 1530153900
1012164291099807745 1530153746
1012164256417173505 1530153738
1012163075221450752 1530153456
1012160374458765312 1530152812
1012160018513383424 1530152728
1012159740875628544 1530152661
1012159363606372352 1530152571
1012159262779412480 1530152547
1012159109125287937 1530152511
1012158668102684673 1530152406
1012154019807186944 1530151297
1012152778788102144 1530151002
1012148494688276482 1530149980
1012144814241050624 1530149103
1012141037756846081 1530148202
1012144466881335297 1530149020
1012134539269951488 1530146653
