947904779212197893 1514833085
947963300310069249 1514847037
947982248741101569 1514851555
948046770411638785 1514866938
948162162316505089 1514894450
948240268901470208 1514913072
948240455308922880 1514913116
948336124266795008 1514935925
948354710708408320 1514940357
948552265236975617 1514987457
948577234314563585 1514993411
948578190867382273 1514993639
948582484098387968 1514994662
948651391307911169 1515011091
948656554496135168 1515012322
948669632814157825 1515015440
948685746709278720 1515019282
948695298985127937 1515021559
948731649742786560 1515030226
948785726849798144 1515043119
948848641959256064 1515058119
948850659553632256 1515058600
948917622778793985 1515074565
948942193452036096 1515080424
949001324598874114 1515094522
949098382756405254 1515117662
949240949552664577 1515151653
949328898793328647 1515172621
949403503000203264 1515190408
949416715250741250 1515193558
949452860760186880 1515202176
949595635480743937 1515236216
949684566045970432 1515257419
949698989556891655 1515260858
949741369257611264 1515270962
949742335113515009 1515271192
949989441426350081 1515330107
949992974510907397 1515330949
950004642372620288 1515333731
950004806470402048 1515333770
950008958852456448 1515334760
950014557094850561 1515336095
950044770587627520 1515343298
950049738539393024 1515344483
950057210821992448 1515346264
950059897995087872 1515346905
950061114095820800 1515347195
950068650400210945 1515348992
950080085146652673 1515351718
950087539251130368 1515353495
950119988924502018 1515361232
950178196175183872 1515375110
950182558070902784 1515376150
950208586524889088 1515382355
950209204421365760 1515382503
950357479728263168 1515417854
950370777060212736 1515421024
950372537216765952 1515421444
950398087633219589 1515427536
950398296455106560 1515427586
950409884490719232 1515430348
950415158949679104 1515431606
950421227016990720 1515433053
950423524317032449 1515433600
950442566943731722 1515438140
950475204290953216 1515445922
950499559066800128 1515451728
950532075316219905 1515459481
950533643604299776 1515459855
950668706396409856 1515492056
950696681414119426 1515498726
950707109557161984 1515501212
950724819158478848 1515505435
950750770592284674 1515511622
950764654132908032 1515514932
950772951867150336 1515516910
950821032310472705 1515528374
950834427311124480 1515531567
950897446401527808 1515546592
950902706826366977 1515547846
950979657691693057 1515566193
951018782864048128 1515575521
951070558543859712 1515587865
951083187446452224 1515590876
951088762292985856 1515592205
951095856178089985 1515593897
951096785941999617 1515594118
951119969575735298 1515599646
951133479290490880 1515602867
951136073459097600 1515603485
951218185419808768 1515623062
951220276238409736 1515623561
951231270528475136 1515626182
951244718813450240 1515629388
951248606132129792 1515630315
951285217888792578 1515639044
951286449747480577 1515639338
951353369226088448 1515655293
951400459717234688 1515666520
951419412279590912 1515671039
951448598331486209 1515677997
951449205738033152 1515678142
951450219283206145 1515678384
951454555233021954 1515679417
951505854708244481 1515691648
951509578356789248 1515692536
951529040652980230 1515697176
951563043250589704 1515705283
951578623353516032 1515708997
951598097205022721 1515713640
951616748251504640 1515718087
951669194415902720 1515730591
951673873296175105 1515731707
951764043789996032 1515753205
951793377183453184 1515760199
951812554074050560 1515764771
951815550161899520 1515765485
951829979750457346 1515768925
951830270042292229 1515768995
951834225447227393 1515769938
951834270250799104 1515769948
951834824997834752 1515770081
951852009308729345 1515774178
951863917361418242 1515777017
951868457083121671 1515778099
951875198608969728 1515779706
951880247972126720 1515780910
951884074100101123 1515781823
951902179698315264 1515786139
951917002284847106 1515789673
951960818089938944 1515800120
951992237310795776 1515807611
952004143807451136 1515810449
952004550118002691 1515810546
952018631646482432 1515813904
952058942242410497 1515823514
952167046774755333 1515849289
952243649080897537 1515867552
952247965309120512 1515868581
952255367953645569 1515870346
952267247581581316 1515873178
952326137895702529 1515887219
952335790046109696 1515889520
952337355993591808 1515889893
952466148892831744 1515920600
952583227012780033 1515948514
952584627809603584 1515948848
952604979591827462 1515953700
952660954029936640 1515967045
952662618849841153 1515967442
952681204859441153 1515971873
952681571454201858 1515971961
952687816990969859 1515973450
952717366512758784 1515980495
952851521867337728 1516012480
952863224780722177 1516015270
952949800139415553 1516035911
952952034621210625 1516036444
952958830782140417 1516038065
952960725177257984 1516038516
952976175793664000 1516042200
952979521736757248 1516042998
952990221666279425 1516045549
953008312630554627 1516049862
953013904485113857 1516051195
953025787925581825 1516054028
953035463413129218 1516056335
953104602555191296 1516072819
953134272537333761 1516079893
953200034325106689 1516095572
953269275485245441 1516112080
953280500365496320 1516114757
953328738523140098 1516126257
953330958119460870 1516126787
953344649443332096 1516130051
953360985217294336 1516133946
953389681235906560 1516140787
953423481659641858 1516148846
953444544640700416 1516153868
953552645976936448 1516179641
953644047406596096 1516201433
953647972427837441 1516202369
953651312150892545 1516203165
953670241871069184 1516207678
953676030669189121 1516209058
953687386625662976 1516211766
953730509531697153 1516222047
953760163864989696 1516229117
953761773638832128 1516229501
953769074378539009 1516231242
953775767565099009 1516232837
953816770401447936 1516242613
953844414509613056 1516249204
953987944070643712 1516283424
954019393884884992 1516290922
954031347965755392 1516293773
954041537524064257 1516296202
954041872523112450 1516296282
954076204251918336 1516304467
954188471836577792 1516331234
954272290971246592 1516351218
954313745618137089 1516361101
954323561832964096 1516363442
954335037935247365 1516366178
954393740952723456 1516380174
954477059702689792 1516400039
954486260265078785 1516402232
954504376562929665 1516406551
954541205978796033 1516415332
954582516815540224 1516425181
954632762895556608 1516437161
954670687398055936 1516446203
954673641375109120 1516446907
954685521430753280 1516449740
954687981306212352 1516450326
954697129737490433 1516452507
954700196595818496 1516453238
954702368712609793 1516453756
954702695184699392 1516453834
954702715967410178 1516453839
954707300362739714 1516454932
954710904112893952 1516455791
954717479045132288 1516457359
954731830867095552 1516460781
954744726216884225 1516463855
954753606523195392 1516465972
954777476940619776 1516471664
954781201121849345 1516472551
954784727063564288 1516473392
954818105645117446 1516481350
954844936314261505 1516487747
954849568478367746 1516488852
954970838473863168 1516517765
955054398257934336 1516537687
955063974990630912 1516539970
955083983745961984 1516544740
955104552163921920 1516549644
955120623801520128 1516553476
955165220741287937 1516564109
955227657188401153 1516578995
955240008008589313 1516581940
955242618069422080 1516582562
955244254229618689 1516582952
955379477281951746 1516615192
955404274321805313 1516621104
955416840142049281 1516624100
955435921549283329 1516628649
955481433723764736 1516639500
955545970212851712 1516654887
955547665210773504 1516655291
955614717367734272 1516671277
955616622877831172 1516671732
955618026572873728 1516672066
955649203409178625 1516679499
955656716636606465 1516681291
955671261681774592 1516684758
955737933092442112 1516700654
955844357826936832 1516726028
955854080009752583 1516728346
955928441651716096 1516746075
955947451252379648 1516750607
955950018741096448 1516751219
955980240299454464 1516758425
955981881358671872 1516758816
955986166125416448 1516759838
955996910434897920 1516762399
956098819103567872 1516786696
956113216370814976 1516790129
956124715017531392 1516792870
956129975148646401 1516794124
956141906546872321 1516796969
956143792800849920 1516797419
956150720700567553 1516799070
956163281781252097 1516802065
956172536936529920 1516804272
956172545308413952 1516804274
956186239341772802 1516807539
956187501617713153 1516807840
956189830421114882 1516808395
956191787235926019 1516808861
956195910572232704 1516809844
956200597744705537 1516810962
956209085120118784 1516812986
956212860824313857 1516813886
956215678658334722 1516814558
956240650604859393 1516820511
956249066823933953 1516822518
956260920401031169 1516825344
956263466339393537 1516825951
956268319740489728 1516827108
956268523638132738 1516827157
956274370556592129 1516828551
956275245790498818 1516828759
956278293615038465 1516829486
956284483845672962 1516830962
956284708375203841 1516831016
956284956996751362 1516831075
956291432318369792 1516832619
956293549078798336 1516833123
956303435783077888 1516835481
956316551325548545 1516838607
956317325157978114 1516838792
956317578804301824 1516838852
956318058808840194 1516838967
956319912418529280 1516839409
956322194791059457 1516839953
956322626586148864 1516840056
956340865580052480 1516844404
956353314278465536 1516847372
956354822386716673 1516847732
956357208652042241 1516848301
956359755194355712 1516848908
956360906539233280 1516849183
956380196126580737 1516853782
956488824531636225 1516879681
956514355268476928 1516885768
956541822435778560 1516892316
956546261594894337 1516893375
956564620713619457 1516897752
956573929270890498 1516899971
956576821763592196 1516900661
956655987427020800 1516919535
956657417701482496 1516919876
956687159557283840 1516926967
956698736192868354 1516929727
956723371059884032 1516935601
956747463611658240 1516941345
956776312965918720 1516948223
956900265982078976 1516977776
956957991521136641 1516991539
956999364450357248 1517001403
957025403851460608 1517007611
957048541494628353 1517013128
957073410642927616 1517019057
957095314913202176 1517024279
957116297841729536 1517029282
957277697243262977 1517067763
957282595582234624 1517068930
957290579951529990 1517070834
957301013798678529 1517073322
957341725659422721 1517083028
957352934102261761 1517085700
957515770036195328 1517124524
957631575193157634 1517152134
957660745872891904 1517159088
957709587242680327 1517170733
957714491503992833 1517171902
957778020978380801 1517187049
957784895077736449 1517188688
957798432810336257 1517191916
957857219743309824 1517205931
957883921777266688 1517212298
957936980800819200 1517224948
957983377923170304 1517236010
958011687738716161 1517242760
958042157193064453 1517250024
958099440748912640 1517263681
958143047484760065 1517274078
958147434701520897 1517275124
958166411033153536 1517279648
958194740025053184 1517286403
958227060052381696 1517294108
958270858962882560 1517304551
958323411478106114 1517317080
958420430326558720 1517340211
958477347472146438 1517353781
958490332563419136 1517356877
958527238479204355 1517365676
958556633063358464 1517372685
958660915838189573 1517397548
958663923204546560 1517398265
958667284544983041 1517399066
958742073712304134 1517416897
958749823385128961 1517418745
958762902332346368 1517421863
958765272927793152 1517422428
958766172253630468 1517422643
958771930361888770 1517424015
958772331161235456 1517424111
958804350410817536 1517431745
958831584966213632 1517438238
958847865073397760 1517442120
958897496138317824 1517453953
958920777084096512 1517459503
959014656118525954 1517481886
959075965333884928 1517496503
959107179809828864 1517503945
959121153787813888 1517507277
959138003838029826 1517511294
959148064446603264 1517513693
959163479151251456 1517517368
959213630842720256 1517529325
959222076199469056 1517531339
959227236539920384 1517532569
959227411022974977 1517532611
959243915730804736 1517536546
959275179124801536 1517543999
959296051512410112 1517548976
959414236777734144 1517577153
959547581880823811 1517608945
959573726323933184 1517615179
959576746738757632 1517615899
959665186964692993 1517636984
959736381022064641 1517653958
959778719350050816 1517664053
959779133239808001 1517664151
959817881637793793 1517673390
959883760819896322 1517689097
959890493168668673 1517690702
959907071415214080 1517694654
959919976294608897 1517697731
959941146196799493 1517702778
959954374272352256 1517705932
959972463819010048 1517710245
960115493024788480 1517744346
960117628546273280 1517744855
960130426932285440 1517747906
960141841629962241 1517750628
960142072639643648 1517750683
960160239290118144 1517755014
960161819162705920 1517755391
960162217655263232 1517755486
960167867214856193 1517756833
960210634121142278 1517767029
960278062913880064 1517783105
960310546473119744 1517790850
960323732047912961 1517793994
960329011132903424 1517795252
960432597527535616 1517819949
960582976617754625 1517855803
960644640637706242 1517870504
960649756686061568 1517871724
960650910090350598 1517871999
960661784872079360 1517874592
960669539133460482 1517876441
960689815829192704 1517881275
960747421113421824 1517895009
960771612860657664 1517900777
960805080734806017 1517908756
960827355206995969 1517914067
960840990646067200 1517917318
960854289697640448 1517920489
960857673691365376 1517921295
960913515988049922 1517934609
960947992298737665 1517942829
960990558134198272 1517952978
961013877743017984 1517958537
961025192200953862 1517961235
961031809847918592 1517962813
961034653883949056 1517963491
961034791259987968 1517963524
961048081587474438 1517966692
961056901130747906 1517968795
961068878456590336 1517971651
961216527058993152 1518006853
961224418289700867 1518008734
961255951914414080 1518016252
961329872588230656 1518033876
961339127634563072 1518036083
961356490538979328 1518040223
961475216965820416 1518068529
961570485363503106 1518091243
961571556085420035 1518091498
961606943600185352 1518099935
961671784134316032 1518115394
961697724927234048 1518121579
961748049436561408 1518133578
961768626838794246 1518138484
961794960088584197 1518144762
961811416532398081 1518148685
961949502881128449 1518181608
961956737619251200 1518183333
961958691909111808 1518183799
961961042862632960 1518184359
961971929971396613 1518186955
962016891446345729 1518197674
962121853627232257 1518222699
962302295605116928 1518265720
962315834424287232 1518268948
962321970305134592 1518270411
962414705032777730 1518292521
962464753800052736 1518304453
962632507597389824 1518344449
962633725543636992 1518344739
962664587538640896 1518352097
962708977556574208 1518362681
962723601182003202 1518366167
962727934443315206 1518367200
962787295953850369 1518381353
962802455514935296 1518384968
962841662027456512 1518394315
962842898315214854 1518394610
962844976718798848 1518395105
962856318964043778 1518397810
962862582427213824 1518399303
962865117661663233 1518399907
963045379892764672 1518442885
963062212603666432 1518446898
963102378013716480 1518456475
963106867768709120 1518457545
963133638685667330 1518463928
963161613137207296 1518470597
963178270656212992 1518474569
963227220335628288 1518486239
963235237101699075 1518488151
963264402970509313 1518495104
963371485493678080 1518520635
963488186134683648 1518548458
963522984785993729 1518556755
963556398209556480 1518564722
963573042692714496 1518568690
963592406858981376 1518573307
963785175262953474 1518619266
963785903612276736 1518619440
963786973256278017 1518619695
963787043582218242 1518619712
963794765161680897 1518621553
963796270421893120 1518621911
963798647610707969 1518622478
963925424794406913 1518652704
963955523333828609 1518659880
963956358562353152 1518660079
964044860289204224 1518681180
964046414190956544 1518681550
964046917100539904 1518681670
964083258001682432 1518690335
964279641602183168 1518737156
964281831733497856 1518737678
964299768347418624 1518741955
964453184671535104 1518778532
964496039406284800 1518788749
964594934937464832 1518812328
964597606369366017 1518812965
964649519408386048 1518825342
964661464287064065 1518828190
964701675960315904 1518837777
964784782868713472 1518857591
964785107738464256 1518857669
964848840611454976 1518872864
964870429419753472 1518878011
964905946949484545 1518886479
964928461260369920 1518891847
964932804306964480 1518892882
964992635525042177 1518907147
964996014301204480 1518907953
965015592280485888 1518912620
965027015958106113 1518915344
965028792916946944 1518915768
965043633199222784 1518919306
965061113527308289 1518923474
965223888123809792 1518962282
965245260891934720 1518967378
965280329098461184 1518975739
965341574199734272 1518990341
965357586005528578 1518994158
965420805999022080 1519009231
965542170278154241 1519038166
965543109705728001 1519038390
965559386197381120 1519042271
965614520088645632 1519055416
965696883506151424 1519075053
965746770063101952 1519086947
965775401955012609 1519093773
965781104052572160 1519095133
965787166596063232 1519096578
965924876384112644 1519129411
965982063399702528 1519143045
966084444946944005 1519167455
966091481076428806 1519169132
966096305582899201 1519170283
966103702858854400 1519172046
966105659371675649 1519172513
966127375380615169 1519177690
966155401178828802 1519184372
966323725938364416 1519224504
966441712695627776 1519252634
966459059468726272 1519256770
966472129259753472 1519259886
966477640893902848 1519261200
966508164937076736 1519268478
966685613067063297 1519310784
966762409410035712 1519329094
966836519842537477 1519346763
966845589286801408 1519348926
966854612476100609 1519351077
967089274955943937 1519407025
967091132424474626 1519407468
967094967192735744 1519408382
967150871522889728 1519421711
967172564702416896 1519426883
967195433469583360 1519432335
967265744156274689 1519449098
967270218765602816 1519450165
967353897290469376 1519470116
967373741041897474 1519474847
967400837105451008 1519481307
967403377113124866 1519481913
967429927200088064 1519488243
967431879577174018 1519488708
967543212133974016 1519515252
967553021663162368 1519517591
967560322608455681 1519519331
967780772475260929 1519571891
967786651073286147 1519573292
967852012170891264 1519588876
967933060170878978 1519608199
967948124277870592 1519611791
967952928517558272 1519612936
967976543938072581 1519618566
968077589658132480 1519642658
968110502294540291 1519650505
968112722293526528 1519651034
968136629511708673 1519656734
968145360496578560 1519658815
968231229832220672 1519679288
968260335437262848 1519686228
968270347488432128 1519688615
968306303876632576 1519697187
968329542917152771 1519702728
968476228687720449 1519737700
968507436477927425 1519745141
968508734359134214 1519745450
968549823644426248 1519755247
968552229690015746 1519755821
968559741696962561 1519757612
968602525002760193 1519767812
968604123733078022 1519768193
968613743772004352 1519770487
968621381817720833 1519772308
968657988490801153 1519781035
968779695889309696 1519810053
968876707942948865 1519833182
968876845113462784 1519833215
968898021206515712 1519838264
968902395932667905 1519839307
968914211635154945 1519842124
968958502747111425 1519852684
968966670046949377 1519854631
968992716070752256 1519860841
969039531646373889 1519872002
969057188911173632 1519876212
969219516122136583 1519914914
969343130981093377 1519944386
969354444054900737 1519947083
969372023922274304 1519951275
969372616132845568 1519951416
969376436309102592 1519952327
969395749703307264 1519956931
969418972553674752 1519962468
969594987213131777 1520004433
969676421261086722 1520023849
969753972738265088 1520042338
969892896588685312 1520075460
969924321023053825 1520082953
969927315244376064 1520083666
970080805719609345 1520120261
970093271556001792 1520123234
970112641535528960 1520127852
970127239672147973 1520131332
970137307440472064 1520133733
970144552916004864 1520135460
970167778580852736 1520140997
970168564450721792 1520141185
970250891600244737 1520160813
970305877784834048 1520173923
970323087148355585 1520178026
970349898569781250 1520184418
970463335886987264 1520211464
970483179961356289 1520216195
970484542728560641 1520216520
970516501152325632 1520224139
970624275383283712 1520249835
970694060045492224 1520266473
970696761017815042 1520267117
970751083067924481 1520280068
970799827415130113 1520291690
970805959252692998 1520293152
970828040409354240 1520298416
970838102943174656 1520300815
970850480921497600 1520303766
970925880645124096 1520321743
970926140884910080 1520321805
970928119724027904 1520322277
970928594116599808 1520322390
970928667542130688 1520322407
970929138491150336 1520322520
970929582319730688 1520322626
970929668558860288 1520322646
970930978037420032 1520322958
971025835690987520 1520345574
971032074974121984 1520347062
971035793904013312 1520347948
971051104522981377 1520351599
971080345423613952 1520358570
971111000689795072 1520365879
971159952055205888 1520377550
971166068009037824 1520379008
971172259279921152 1520380484
971182972513804288 1520383039
971185644188860417 1520383675
971221965255016448 1520392335
971266577546072066 1520402972
971267151666515968 1520403108
971268329464877056 1520403389
971268433433284611 1520403414
971270515481595905 1520403910
971272244604399619 1520404323
971360253102166016 1520425305
971363857653518339 1520426165
971364000528203776 1520426199
971365660902256640 1520426595
971365775234789376 1520426622
971494992744275968 1520457430
971496693605830657 1520457835
971526579041038338 1520464961
971527581798461445 1520465200
971539408859160576 1520468020
971562914044837888 1520473624
971697880045178880 1520505802
971703776049618944 1520507208
971729622441299968 1520513370
971760534432468994 1520520740
971809185334792192 1520532339
971833612344709122 1520538163
971840570988560385 1520539822
971860848577785856 1520544657
971862577222479878 1520545069
971877772174950401 1520548692
971906986093764609 1520555657
971914874203918336 1520557537
971925119764520960 1520559980
971942793374511105 1520564194
971944685559218179 1520564645
972012691844890624 1520580859
972115583046176768 1520605390
972149525077995521 1520613483
972196751322046464 1520624742
972200024082911232 1520625523
972213857581260801 1520628821
972225891773435904 1520631690
972231751903965186 1520633087
972263943807864834 1520640762
972284142934208513 1520645578
972289240494166016 1520646793
972313443431800832 1520652564
972476144162308096 1520691355
972492554796183553 1520695267
972507394398937089 1520698805
972522560100405250 1520702421
972528983161163776 1520703952
972530368019607553 1520704283
972533099371356161 1520704934
972539841295548421 1520706541
972542585695801345 1520707196
972557012507746304 1520710635
972578733994463232 1520715814
972588641657806850 1520718176
972589609795358725 1520718407
972595775489347584 1520719877
972626729121517568 1520727257
972632907721461760 1520728730
972638256012713985 1520730005
972650770427498496 1520732989
972706873064509440 1520746365
972813058161762310 1520771681
972825462098550784 1520774639
972899214442278912 1520792222
972902429154037761 1520792989
972906354192146432 1520793925
972907189806432256 1520794124
972919061695860737 1520796954
972954201339899906 1520805332
972959068817121281 1520806493
972964317145550848 1520807744
972986006466068480 1520812915
972993320388571141 1520814659
972999113057939456 1520816040
973005101215502336 1520817468
973022780219428864 1520821683
973111359780114432 1520842802
973208637987573762 1520865995
973210715556327424 1520866490
973240844999380998 1520873674
973272200450052098 1520881149
973281492318281730 1520883365
973281833067610112 1520883446
973370104149893159 1520904491
973375940041609221 1520905883
973377522997059584 1520906260
973389345255194624 1520909079
973394249734672384 1520910248
973415043579695104 1520915206
973496628865896448 1520934657
973509216983048198 1520937658
973521054202302464 1520940481
973527339278663680 1520941979
973539548708986881 1520944890
973672570628247552 1520976605
973688939876929538 1520980508
973704802906656768 1520984290
973751113206976513 1520995331
973755870508089344 1520996465
973792579505590272 1521005217
973920852537495552 1521035800
973922140687945728 1521036107
973935669989998592 1521039333
974015149228134401 1521058282
974041484919033859 1521064561
974081010836045825 1521073985
974126179845394437 1521084754
974138367330934784 1521087660
974299341593726976 1521126039
974299440734404609 1521126062
974394225004597252 1521148661
974402304819519488 1521150587
974435258753077248 1521158444
974449161071398913 1521161759
974451910882275329 1521162414
974472612452753409 1521167350
974584570921340929 1521194043
974616929150304257 1521201758
974633705066156032 1521205757
974641661480448002 1521207654
974669985120309249 1521214407
974717464251682816 1521225727
974759135718801409 1521235662
974767807509524482 1521237730
974824169639686145 1521251168
974837694814674946 1521254392
974977205368442880 1521287654
975029013440876544 1521300006
975055726673563649 1521306375
975068938634694656 1521309525
975085369279549445 1521313442
975142467904221184 1521327056
975180796779778048 1521336194
975180859459428353 1521336209
975186318870433792 1521337511
975209543817932801 1521343048
975326241120190464 1521370871
975326293150633985 1521370883
975326362268569600 1521370900
975340731844976640 1521374326
975396352153833472 1521387586
975398490238054402 1521388096
975398813811822597 1521388173
975417768412631041 1521392693
975421315560738816 1521393538
975421801294712834 1521393654
975425143341223940 1521394451
975425648767496192 1521394571
975430521881849857 1521395733
975508083815407616 1521414225
975532795647930368 1521420117
975538727320727552 1521421531
975677460254773249 1521454608
975695849996120067 1521458992
975729728152854528 1521467070
975749901236736000 1521471879
975762009793941505 1521474766
975762958356762627 1521474992
975785624228769794 1521480396
975835458080043008 1521492278
975845043561992192 1521494563
975851121053962242 1521496012
975861231738413056 1521498422
975874844662337536 1521501668
975904435292590081 1521508723
975931272135696384 1521515121
975938242867617792 1521516783
976058980609949697 1521545569
976110138615631872 1521557766
976115994543435779 1521559163
976119650760232960 1521560034
976130287678705664 1521562570
976150184966148097 1521567314
976236961538207744 1521588003
976242612477792256 1521589351
976257315996422144 1521592856
976261839603593221 1521593935
976272344942563328 1521596439
976320722925772801 1521607974
976439849275322370 1521636376
976454775947571200 1521639934
976463461440991232 1521642005
976477481023819776 1521645348
976505630231064576 1521652059
976514518808498176 1521654178
976521657224491009 1521655880
976538043908804609 1521659787
976544567691497473 1521661342
976546518281981952 1521661807
976556588646436864 1521664208
976557571006976000 1521664443
976558287251542016 1521664613
976562417483251712 1521665598
976564179573399553 1521666018
976587173909712896 1521671501
976611997663088641 1521677419
976624950084808711 1521680507
976709700829044736 1521700713
976756064967446535 1521711767
976758960945496064 1521712458
976786643242881024 1521719058
976812290828849153 1521725173
976824311473467394 1521728039
976873794924146688 1521739836
976879397113335809 1521741172
976932085503021056 1521753734
976940412186320896 1521755719
976945243777093632 1521756871
977012587698237441 1521772927
977104900822888448 1521794936
977146407609163777 1521804832
977160252385845249 1521808133
977242411477929984 1521827721
977352199616520192 1521853897
977364058314821634 1521856724
977511492999315456 1521891875
977565598669574144 1521904775
977584251062415361 1521909222
977600458708701184 1521913086
977612283957469186 1521915906
977723757933551616 1521942483
977737305539710976 1521945713
977885033569685504 1521980934
977907943592120320 1521986397
977928512152788992 1521991300
977935583233363969 1521992986
977935613302378498 1521992994
977943787141062656 1521994942
977950079591034880 1521996443
977950145701703685 1521996458
977969917935923201 1522001172
977975014921207808 1522002388
977994458582147072 1522007023
978004386470420480 1522009390
978072621236523010 1522025659
978092055367909379 1522030292
978097495648755713 1522031589
978300228066467840 1522079924
978361760167223301 1522094595
978365095867764737 1522095390
978368433573244928 1522096186
978368722724376576 1522096255
978371083857522690 1522096818
978373631460958209 1522097425
978391289258565633 1522101635
978392036440231938 1522101813
978414832369184769 1522107248
978420567777906688 1522108616
978439857969262592 1522113215
978468583922716672 1522120064
978483299168370688 1522123572
978581149424541696 1522146901
978599973691514881 1522151389
978636405474766849 1522160075
978665313830162432 1522166968
978701335242641413 1522175556
978705300105650179 1522176501
978705628893011970 1522176580
978706700143398913 1522176835
978718945183113216 1522179754
978736089732190210 1522183842
978737793655623680 1522184248
978744657864732673 1522185885
978744672196669440 1522185888
978744858881019904 1522185933
978753217499508737 1522187926
978762260247085057 1522190082
978773558351618049 1522192775
978775260798619650 1522193181
978809288125763585 1522201294
978814705316843521 1522202585
978817404389220354 1522203229
978947243591045120 1522234185
978975228138283008 1522240857
979020925487190016 1522251752
979045629447065601 1522257642
979054554074492928 1522259770
979056912535867393 1522260332
979057171848749056 1522260394
979076062305976320 1522264898
979076386706075649 1522264975
979083811354005504 1522266745
979103270277918727 1522271385
979125885247938560 1522276776
979138480734441477 1522279779
979139396682309637 1522279998
979172696746614785 1522287937
979186841256628231 1522291310
979202129922547717 1522294955
979322436687663104 1522323638
979328251406450689 1522325024
979348690153431040 1522329897
979383426234179584 1522338179
979411353067819014 1522344837
979495755173023745 1522364960
979506601135616002 1522367546
979524801411854337 1522371886
979538344995704832 1522375115
979542685328519168 1522376149
979546697893367808 1522377106
979546722446831616 1522377112
979589897731395585 1522387406
979752444845547525 1522426160
979857647477383170 1522451242
979895711448948736 1522460317
979900397488951296 1522461435
979918280457641984 1522465698
979922652096794625 1522466740
979997736568270849 1522484642
980015874055856128 1522488966
980059687755411457 1522499412
980173835298209792 1522526627
980250822738153472 1522544982
980260710776299521 1522547340
980270969888616448 1522549786
980286050596720640 1522553381
980287842822868992 1522553809
980297784501862401 1522556179
980314155214401537 1522560082
980318710111105024 1522561168
980320244479807488 1522561534
980418674916982785 1522585002
980425879078801408 1522586719
980449324550250497 1522592309
980452991038820355 1522593183
980468397292048384 1522596856
980470653483667458 1522597394
980476363462279169 1522598756
980483823841325056 1522600534
980498084508655618 1522603934
980519989831708677 1522609157
980556364165603328 1522617829
980599604499632128 1522628139
980610165526364160 1522630656
980630434127245312 1522635489
980638847343177729 1522637495
980690097535442944 1522649714
980831802523815936 1522683499
980836316735852544 1522684575
980844201888899073 1522686455
980873540776988673 1522693450
980885852132904960 1522696385
980932689162272768 1522707552
980939126827573249 1522709087
981131311090987008 1522754907
981172239033749505 1522764665
981235172183076864 1522779670
981245187920982020 1522782058
981316047335772161 1522798952
981316898381058049 1522799155
981328384893575170 1522801893
981329256696504320 1522802101
981371931315318784 1522812276
981539149558804480 1522852144
981577365020168192 1522861255
981609213557395456 1522868848
981626987046428674 1522873086
981629210656681986 1522873616
981665757254897667 1522882329
981673297573228549 1522884127
981676965538168833 1522885001
981677648811364352 1522885164
981679781694656513 1522885673
981689311945986048 1522887945
981717232970498049 1522894602
981718248747163649 1522894844
981732481660604416 1522898237
981737116265742337 1522899342
981740284143919104 1522900098
981757521923919872 1522904208
981856369883189248 1522927775
981867563595567105 1522930444
981887746775158784 1522935256
981893934241771520 1522936731
981977577207336961 1522956673
981981211810811904 1522957539
981987766530535424 1522959102
982009554480312320 1522964297
982018649807622145 1522966465
982020549000953856 1522966918
982024640573919232 1522967894
982025175775444997 1522968021
982061607646892033 1522976707
982066729659625473 1522977928
982080091479003136 1522981114
982084269098102784 1522982110
982240669317062657 1523019399
982312872024924160 1523036613
982335273945088000 1523041954
982335312092323841 1523041963
982335396762738688 1523041984
982335432674324481 1523041992
982335577461633024 1523042027
982335606243016709 1523042034
982341838731431942 1523043520
982343644781789184 1523043950
982364148855181312 1523048839
982387291900522497 1523054356
982408238762164226 1523059351
982424831802204160 1523063307
982448398325477381 1523068925
982449426848518144 1523069171
982483037127692288 1523077184
982595905399459844 1523104094
982658667769139200 1523119057
982665303040643074 1523120639
982718666927230983 1523133362
982722874388525056 1523134366
982723743591096321 1523134573
982744323577040897 1523139479
982761685353189376 1523143619
982768578045861890 1523145262
982781605591830528 1523148368
982785757319516161 1523149358
982786352315068416 1523149500
982806378392809472 1523154274
982816469842059264 1523156680
982819519017058305 1523157407
982836913353777154 1523161555
982941809663004672 1523186564
982986353012076544 1523197184
982991679312596992 1523198454
983036143762538496 1523209055
983038598697177089 1523209640
983040032486363136 1523209982
983046352321081344 1523211489
983084821953032192 1523220661
983100299165433857 1523224351
983148875014918144 1523235932
983162255444447232 1523239122
983165621536948224 1523239925
983318101210124288 1523276279
983322480571047936 1523277323
983331426883063808 1523279456
983354103777693696 1523284862
983366729421283328 1523287873
983375234941284352 1523289900
983379057999048705 1523290812
983397937895047168 1523295313
983456225475035136 1523309210
983461672928063489 1523310509
983471924511690752 1523312953
983473877404745728 1523313419
983475943250546689 1523313911
983478342690201601 1523314483
983479560875409411 1523314774
983521037999656960 1523324663
983524066610110464 1523325385
983530696072486912 1523326965
983552709671473152 1523332214
983552958397808640 1523332273
983559806735745025 1523333906
983672198945787905 1523360702
983676292099866624 1523361678
983703060559036416 1523368060
983734008025636864 1523375439
983773609503014912 1523384880
983807790555770880 1523393030
983829829907656704 1523398284
983829991640231937 1523398323
983841512776708097 1523401070
983850985599782913 1523403328
983871275453112321 1523408166
983886739700842496 1523411853
983894761881919488 1523413765
983910345294204928 1523417481
983948909096644608 1523426675
984021908915130375 1523444079
984023364917432320 1523444427
984052571613618178 1523451390
984063542222565376 1523454006
984065277687160833 1523454419
984112477368700928 1523465673
984127213460049920 1523469186
984178347365355523 1523481377
984206384425299969 1523488062
984228517306126337 1523493339
984252706444464135 1523499106
984362156870262785 1523525201
984385889727143936 1523530859
984472107118682112 1523551415
984497908568342528 1523557567
984519916291321861 1523562814
984546906096439296 1523569249
984574949783425024 1523575935
984612533490409472 1523584895
984635462466920448 1523590362
984799099160547328 1523629376
984915961366052866 1523657238
984923840055840768 1523659117
984933440977035264 1523661406
984939152948039681 1523662768
984940979911319552 1523663203
984942143599992832 1523663481
984946811856146432 1523664594
984956072015417351 1523666801
984960752439250945 1523667917
984977862578069504 1523671997
984978753985097728 1523672209
984980609218109440 1523672651
985017155413520385 1523681365
985089530939301889 1523698620
985102091654975489 1523701615
985109801788166144 1523703453
985127593346203648 1523707695
985142744875261952 1523711308
985144650305605634 1523711762
985165522886066176 1523716738
985181283088322560 1523720496
985201170204495872 1523725237
985213222201516033 1523728111
985230488418881536 1523732227
985241665064620032 1523734892
985343656059179009 1523759209
985371105564209152 1523765753
985375504588066816 1523766802
985520066879000577 1523801268
985533575427772417 1523804489
985544063800827904 1523806989
985563861930725377 1523811710
985602976780664832 1523821035
985675177471209472 1523838249
985677729289920512 1523838858
985691772230742016 1523842206
985692341649444864 1523842342
985775188284444673 1523862094
985790640276557825 1523865778
985839565566070784 1523877443
985880914118012929 1523887301
985928678034018304 1523898689
985977666573688832 1523910368
985988410388164609 1523912930
985991608956055552 1523913693
986001213475897351 1523915982
986028094975700992 1523922392
986055838719709185 1523929006
986065989015146496 1523931426
986073905566765057 1523933314
986080014352478208 1523934770
986083350950629376 1523935566
986085754618155008 1523936139
986098858836054018 1523939263
986217928063414273 1523967651
986228348820090881 1523970136
986288864158511104 1523984564
986299976157417472 1523987213
986301643691085824 1523987611
986301865666273280 1523987664
986356338602205185 1524000651
986390396061323265 1524008771
986562470448975872 1524049797
986634660926107649 1524067008
986650195298529280 1524070712
986722212676800514 1524087882
986735229632163845 1524090986
986753672544702468 1524095383
986992617794801664 1524152352
987003677004136449 1524154988
987066469421862913 1524169959
987087014322491393 1524174858
987096481084698624 1524177115
987110491544834048 1524180455
987152788235964416 1524190539
987179830117588993 1524196987
987334689403924480 1524233908
987408661634015232 1524251544
987460823680417794 1524263981
987796176232738816 1524343935
987871861672431616 1524361980
987886187678445568 1524365395
987905104069255168 1524369905
987908377635323904 1524370686
987908858969579520 1524370801
987914817662054400 1524372221
988048720095784961 1524404146
988062046964142080 1524407323
988092178722410496 1524414507
988193239512514561 1524438602
988230074469101573 1524447384
988232418585972736 1524447943
988245208432230400 1524450993
988248872647626753 1524451866
988249729933996032 1524452071
988263344812503041 1524455317
988268821675986945 1524456622
988372523778789376 1524481347
988375105389694976 1524481962
988394343227645952 1524486549
988428870083850241 1524494781
988481643013959681 1524507363
988484232015237121 1524507980
988563368981291008 1524526848
988572213510098944 1524528957
988598306564657155 1524535178
988598823432880128 1524535301
988599325998632966 1524535421
988600055740485632 1524535595
988601013283180544 1524535823
988602141047652352 1524536092
988602646398406658 1524536212
988605164461461505 1524536813
988606236923977729 1524537068
988608173731930113 1524537530
988611371498655744 1524538293
988612015471120385 1524538446
988612608520531968 1524538588
988613137283866629 1524538714
988620518533353472 1524540473
988761411491975168 1524574065
988883455210676226 1524603162
988941101368250369 1524616906
988941930011807747 1524617104
988942030415040514 1524617128
988951939286290437 1524619490
989002628309901312 1524631576
989088694186504194 1524652095
989092066612441088 1524652899
989119776915165184 1524659506
989176662611906561 1524673069
989188613211607046 1524675918
989242511490191367 1524688768
989286706544365568 1524699305
989294141359185920 1524701078
989328220288937986 1524709203
989335062645739521 1524710834
989338847388553218 1524711736
989343762408263681 1524712908
989369850844860416 1524719128
989461947929198592 1524741086
989564003566456840 1524765418
989581290549792768 1524769539
989607275248537600 1524775735
989636653454065669 1524782739
989666868377120768 1524789943
989684740360998912 1524794204
989703728822398977 1524798731
989806385083899904 1524823206
989905523372974082 1524846842
989936061269860352 1524854123
990012315914391553 1524872304
990059418640375808 1524883534
990219193386758145 1524921627
990330133247614978 1524948077
990405504655601666 1524966047
990434193858580481 1524972887
990595873976606720 1525011435
990646072132456448 1525023403
990784354707234816 1525056372
990796871265411077 1525059356
990968954830061568 1525100384
990971704607420417 1525101040
990986125337616384 1525104478
990994612897681409 1525106502
991068008637493248 1525124001
991073393322680320 1525125284
991098132623777792 1525131183
991148672825135104 1525143232
991168820739039233 1525148036
991270194382241793 1525172205
991329193874083840 1525186272
991335516577632256 1525187779
991372541389344769 1525196607
991409188059435008 1525205344
991431144573939712 1525210579
991461516615536640 1525217820
991473864285806592 1525220764
991488582266310657 1525224273
991675589995229184 1525268859
991787217881321472 1525295473
991797630052306944 1525297956
991842574477410309 1525308671
991875578159681536 1525316540
991979912176242688 1525341415
992060562103324673 1525360644
992077582899269632 1525364702
992108354578370560 1525372038
992128869049266176 1525376929
992155607762423808 1525383304
992412827532095488 1525444630
992421659666735104 1525446736
992479059668955142 1525460421
992546404357767168 1525476478
992811126747549697 1525539592
992837701094268928 1525545928
992932284536893445 1525568479
993155643426078720 1525621731
993211225747152896 1525634983
993268276087140358 1525648585
993269334519812096 1525648838
993334139741982720 1525664288
993337331280203776 1525665049
993446735367127040 1525691133
993562577329426433 1525718752
993579290439675904 1525722737
993596473768951808 1525726834
993658294161084416 1525741573
993798305237950465 1525774954
993871408307597312 1525792383
993887366459940864 1525796188
993903940633706497 1525800139
993943247612456961 1525809511
993968113497595906 1525815439
993980227880710152 1525818328
993994221865652224 1525821664
994016048981643264 1525826868
994020034451267584 1525827818
994033771375677440 1525831094
994039431341510656 1525832443
994041385690062848 1525832909
994045799305801728 1525833961
994190574130524168 1525868478
994297253522296837 1525893913
994561156659531779 1525956832
994563757929041920 1525957452
994617719667511297 1525970318
994638131348590596 1525975184
994671739400609793 1525983197
994688330519535616 1525987153
994716125727510528 1525993779
994716865472671744 1525993956
994730346313846784 1525997170
994780125270077440 1526009038
994944534416101376 1526048236
994979254248108032 1526056514
995108687785136134 1526087374
995109192716443648 1526087494
995328989689413632 1526139898
995347754951069697 1526144372
995686755780227072 1526225196
995716531165237249 1526232295
995754566028349441 1526241363
995780224611692544 1526247480
995823589059383297 1526257819
995890423615950853 1526273754
995990904753270784 1526297710
996035355546738689 1526308308
996038770481823745 1526309123
996085187216920576 1526320189
996109397473492992 1526325961
996148465154506752 1526335276
996156003380015104 1526337073
996158585599127553 1526337689
996159829206093824 1526337985
996173067096350721 1526341141
996197706203791360 1526347016
996362802607591429 1526386378
996366228053688323 1526387195
996406335892844544 1526396757
996468451899265024 1526411567
996486515655086080 1526415873
996505855729258496 1526420484
996592941585129472 1526441247
996593135563264000 1526441293
996684415144267777 1526463056
996705068576624645 1526467980
996784592228110337 1526486940
996796779105484800 1526489846
996808471533314053 1526492634
996879117097332736 1526509477
996894140901285894 1526513059
996913924409909250 1526517776
996917448594067461 1526518616
997052777376477187 1526550881
997083367131709440 1526558174
997110633765261312 1526564675
997129783183073280 1526569240
997169924832415745 1526578811
997199181356916746 1526585786
997478331774840832 1526652341
997511566621925377 1526660265
997557158324719616 1526671134
997575905848516608 1526675604
997580896948703232 1526676794
997594409888829441 1526680016
997636851535175680 1526690135
997656848730853376 1526694902
997917791427743744 1526757116
998290903428141056 1526846073
998374162388406273 1526865923
998382226965434370 1526867846
998596367655292929 1526918901
998647523093950464 1526931098
998647670372741120 1526931133
998898091884535808 1526990838
998902070492221441 1526991786
998911387891007488 1526994008
998921825244667904 1526996496
998941820687175680 1527001264
998988781129732096 1527012460
998999933528236032 1527015119
999028902814257153 1527022026
999030307356598273 1527022361
999041045466963969 1527024921
999047971118501900 1527026572
999058338628423680 1527029044
999072745177657346 1527032478
999082500222849024 1527034804
999082880113537024 1527034895
999085547699269633 1527035531
999232334074466304 1527070527
999255605104783360 1527076076
999280480565497856 1527082006
999349539894112266 1527098471
999361616457162755 1527101351
999397029766889472 1527109794
999455188216885249 1527123660
999605964843167749 1527159608
999641074934173696 1527167979
999663300559417345 1527173278
999664992654888962 1527173681
999746654277390336 1527193151
999746884062400513 1527193206
999752063037919232 1527194440
999752490890551297 1527194542
999768528411615232 1527198366
999772052847460360 1527199206
999800560487485440 1527206003
999810557992726529 1527208387
999821320564232193 1527210953
999824964063809543 1527211821
999831108874358785 1527213286
999839030664728577 1527215175
999869702783500288 1527222488
999894198840016897 1527228328
999894358311616512 1527228366
1000000554414825473 1527253685
1000017871341309953 1527257814
1000017906665705473 1527257823
1000024102235754496 1527259300
1000024359531155456 1527259361
1000033346142003202 1527261504
1000038655854030851 1527262770
1000057026410700802 1527267149
1000057076574400512 1527267161
1000071481609654272 1527270596
1000090636232601603 1527275163
1000112338513645571 1527280337
1000120538541580289 1527282292
1000125185469698049 1527283400
1000125516228321280 1527283479
1000168574198124545 1527293744
1000180987555348480 1527296704
1000351389799854083 1527337331
1000356684781555712 1527338594
1000392695918026752 1527347179
1000394438596792320 1527347595
1000394790079516674 1527347679
1000417268336128000 1527353038
1000441524629499904 1527358821
1000443243841097730 1527359231
1000560081317048320 1527387087
1000723613635547136 1527426076
1000726234962235392 1527426701
1000737067998109697 1527429284
1000741123088936961 1527430251
1000743470833823744 1527430811
1000766159338303490 1527436220
1000783993359527936 1527440472
1000784032018378753 1527440481
1000802061095710720 1527444780
1000806418608467968 1527445818
1000830259485401089 1527451503
1000836586651734016 1527453011
1000938449711624192 1527477297
1000938927140884480 1527477411
1000945451363954693 1527478966
1000947013121445888 1527479339
1001104174510157825 1527516809
1001106131723448320 1527517276
1001120245376004096 1527520641
1001148794711564288 1527527447
1001154152473546752 1527528725
1001182628626780160 1527535514
1001238280606765056 1527548782
1001245714888974336 1527550555
1001284697274675200 1527559849
1001289555532746754 1527561007
1001292673112854529 1527561751
1001296859070173184 1527562749
1001298220679561221 1527563073
1001345441685000198 1527574332
1001383675722903552 1527583447
1001405908365266945 1527588748
1001427498037542914 1527593895
1001440864923766790 1527597082
1001454775500713985 1527600399
1001479571244507137 1527606311
1001482157590745090 1527606927
1001498761816920065 1527610886
1001500739016036353 1527611357
1001627809905807361 1527641653
1001629491553239040 1527642054
1001632014175473668 1527642656
1001770931012878336 1527675776
1001772360259854336 1527676117
1001776334996156416 1527677065
1001782742986653702 1527678592
1001798776393228288 1527682415
1001836275173941248 1527691355
1001836989577154560 1527691526
1001855167396970496 1527695860
1001861134281007109 1527697282
1001874843493691393 1527700551
1001881839127187456 1527702219
1001899411524513795 1527706408
1001952237868986369 1527719003
1001952298870898690 1527719018
1001954482157170693 1527719538
1002046008434548736 1527741360
1002046097945190400 1527741381
1002145667442200576 1527765120
1002167587659231232 1527770346
1002237816070459392 1527787090
1002280462872666112 1527797258
1002296510820896770 1527801084
1002304617789747200 1527803017
1002314125807181825 1527805284
1002368401313026049 1527818224
1002618114415255552 1527877760
1002660779596894208 1527887933
1002679009149407234 1527892279
1002918652893679616 1527949414
1002955529378025475 1527958206
1002985355115671552 1527965317
1003078267400794112 1527987469
1003106447041982464 1527994188
1003321801001373696 1528045532
1003393717531705346 1528062679
1003460936517251074 1528078705
1003592509656838144 1528110074
1003659305437028353 1528126000
1003677202926456832 1528130267
1003679083610427392 1528130715
1003777530426470400 1528154187
1004024297415995398 1528213021
1004038852380676096 1528216491
1004058911559831552 1528221273
1004109367195652108 1528233303
1004126410443776001 1528237366
1004128335818035201 1528237825
1004141277745729537 1528240911
1004168249871912960 1528247341
1004168792182673408 1528247471
1004222924470046720 1528260377
1004323398170955777 1528284332
1004430476977766401 1528309861
1004436575449739270 1528311315
1004457350382669825 1528316268
1004481235622809602 1528321963
1004481322474201088 1528321984
1004481399544565761 1528322002
1004514052473794560 1528329787
1004514289967878144 1528329844
1004516658839543808 1528330409
1004521385148993538 1528331535
1004656593827450880 1528363772
