947860776924123137 1514822594
949099928630059008 1515118031
949985161646616577 1515329087
949747600344977408 1515272448
950373691430457344 1515421719
950167055071883264 1515372453
950138480226684928 1515365641
950138079091752960 1515365545
950137558868156416 1515365421
950136347561512960 1515365132
950028011923017728 1515339303
951080226766848000 1515590170
950875491459846146 1515541358
950755071364608002 1515512647
950754229777518593 1515512447
950753279260155906 1515512220
951455804598743041 1515679715
951436526856044544 1515675119
951208337235902464 1515620714
951455617214042112 1515679670
951801123626782721 1515762046
951797879416516608 1515761272
951797179340984320 1515761105
951496315841794049 1515689374
951496393151180800 1515689392
952132956918894593 1515841161
952131240420880385 1515840752
952106134273445888 1515834766
952040522163654656 1515819123
952040433806397440 1515819102
952038914805649408 1515818739
952037686168162304 1515818447
952036407350001664 1515818142
952036095365189632 1515818067
951973543029460992 1515803154
951973474897154048 1515803137
951972948902105088 1515803012
951972363847036928 1515802872
951972049999859712 1515802798
951971699775459328 1515802714
951971505667223552 1515802668
951971057807831040 1515802561
951970481170731008 1515802424
951970247069896704 1515802368
951969846354472961 1515802272
952343925863473152 1515891460
952267726847987712 1515873293
952267238832263168 1515873176
952586000576012288 1515949175
953359068609032193 1516133489
954004358932426752 1516287338
953957400758796289 1516276142
953957396438765569 1516276141
953957392244445184 1516276140
953765095758278656 1516230293
953687353104707584 1516211758
953668370569809922 1516207232
953668244967223302 1516207202
954213724096749569 1516337254
954152149105209350 1516322574
954080045072601088 1516305383
954079500580655104 1516305253
954075337956175872 1516304261
954081394900258822 1516305705
954073369011421184 1516303791
954073147959074817 1516303738
955068576481898496 1516541067
955239479547256832 1516581814
955743885409636352 1516702073
955515403903688704 1516647599
955504209469767681 1516644930
956156218057416704 1516800381
956179300507627520 1516805884
956175223518351360 1516804912
956173827033059328 1516804579
956166877662851072 1516802923
956165501289459712 1516802594
956164555884941312 1516802369
956164144134311936 1516802271
956163904870211585 1516802214
956163674162462720 1516802159
956163552150245379 1516802130
956162880763826176 1516801970
956160538551226368 1516801411
956158118915866624 1516800834
956157168386011136 1516800608
956156309388349440 1516800403
956153989015523328 1516799850
956140912316420096 1516796732
956138256948695040 1516796099
956138163247906816 1516796076
956115572525330433 1516790690
955996301241577473 1516762254
955959016521428993 1516753365
955956005778665472 1516752647
955946740502487040 1516750438
955892630877016064 1516737537
955857901704368129 1516729257
955857810922885121 1516729235
956502819267399680 1516883017
956490649368449026 1516880116
956339291323584512 1516844029
956338137072046081 1516843754
956316971158687744 1516838708
956316485227606017 1516838592
956312398838759424 1516837617
956300483827785728 1516834777
956300002577526785 1516834662
956299075514720258 1516834441
956278009220292608 1516829418
956260206354354176 1516825174
956255615390765057 1516824079
956252222848950272 1516823270
956239963359731718 1516820348
956237340405624832 1516819722
956228572687069185 1516817632
956218302359048193 1516815183
956217167736983554 1516814913
956209066547777537 1516812981
956383677352726529 1516854612
956324887894904833 1516840595
956308194745376769 1516836615
956307700324892672 1516836497
956305384192512001 1516835945
956278050450264064 1516829428
956272748103380993 1516828164
956262185109516289 1516825646
956246823466930176 1516821983
956244220720840705 1516821363
956236904508411904 1516819618
956232746132795397 1516818627
956232092177887232 1516818471
956219842159357959 1516815550
956216369250480133 1516814722
956205812879380480 1516812205
956197634443808769 1516810256
956185050298634241 1516807255
956185016085696513 1516807247
956182197685366786 1516806575
956695740826480641 1516929013
956694488617013248 1516928715
956655677904211968 1516919462
956655419665141766 1516919400
956607042189496320 1516907866
956558998622343169 1516896411
957051227250061313 1517013768
957017928167297025 1517005829
956986863738290176 1516998422
956918601352704002 1516982147
958702243531972608 1517407401
958676301841403906 1517401216
958647827156127744 1517394427
958467114289033217 1517351342
958836225972064256 1517439345
959559661069496320 1517611825
959905657876025345 1517694317
962427631890305024 1518295603
962427592136634368 1518295593
963176888779837440 1518474239
963174686610862088 1518473714
963185494745079809 1518476291
964492715852533760 1518787957
